8757435
8762160
8762161
8762162
8762163
8762164
8762166
8762167
8762168
8762169
8762170
8762171
8762172
8762173
8762174
8762175
8762176
8762177
8762178
8762179
8762180
8762181
8762182
8762183
8762184
8762185
8762186
8762187
8762188
8762189
8762190
8762191
8762192
8762193
8762194
8762195
8762196
8762198
8762199
8762200
8762201
8762202
8762203
8762204
8762205
8762206
8762207
8762208
8762209
8762210
8762211
8762212
8762213
8762214
8762215
8762216
8762217
8762218
8762219
8762220
8762221
8762222
8762223
8762224
8762225
8762226
8762227
8762228
8762229
8762231
8762232
8762233
8762234
8762235
8762236
8762237
8762238
8762239
8762240
8762241
8762242
8762243
8762244
8762245
8762246
8762247
8762248
8762249
8762250
8762251
8762252
8762253
8762254
8762255
8762256
8762257
8762258
8762259
8762260
8762261
8762262
8762263
8762264
8762265
8762266
8762267
8762268
8762270
8762271
8762272
8762273
8762274
8762275
8762276
8762277
8762278
8762279
8762280
8762282
8762283
8762284
8762285
8762286
8762287
8762288
8762289
8762290
8762291
8762292
8762293
8762294
8762295
8762316
8762527
8762865
8768715
8768716
8768717
8768718
8768719
8768720
8768721
8768722
8768723
8768724
8768725
8768726
8768727
8768728
8768729
8768730
8768731
8768732
8768733
8768734
8768735
8768736
8768737
8768738
8768739
8768740
8768741
8768742
8768743
8768744
8768745
8768746
8768747
8768748
8768749
8768750
8768751
8768752
8768753
8768754
8768755
8768756
8768757
8768758
8768759
8768760
8768762
8768763
8768764
8768765
8768766
8768767
8768768
8768769
8768770
8768771
8768772
8768773
8768774
8768775
8768776
8768777
8768778
8768779
8768780
8768781
8768782
8768783
8768784
8768785
8768786
8768787
8768788
8768791
8768792
8768793
8768794
8768795
8768796
8768797
8768798
8768799
8768800
8768801
8768802
8768803
8768804
8768805
8768807
8768808
8768809
8768810
8768811
8768812
8768813
8768814
8768815
8768816
8768817
8768818
8768819
8768820
8768821
8768822
8768823
8768824
8768825
8768826
8768827
8768828
8768829
8768830
8768831
8768832
8768833
8768834
8768835
8768836
8768837
8768838
8768839
8768840
8768841
8768842
8768843
8768844
8768846
8768847
8768849
8768850
8768851
8768853
8768854
8768855
8768856
8768857
8768858
8768859
8768860
8769059
8769538
8774946
8775194
8775195
8775196
8775197
8775198
8775199
8775200
8775201
8775202
8775203
8775204
8775205
8775206
8775207
8775208
8775209
8775210
8775211
8775212
8775213
8775214
8775215
8775216
8775217
8775218
8775219
8775220
8775221
8775222
8775223
8775224
8775225
8775226
8775227
8775228
8775229
8775230
8775231
8775232
8775233
8775234
8775235
8775236
8775237
8775238
8775239
8775240
8775241
8775242
8775243
8775244
8775245
8775247
8775248
8775249
8775250
8775251
8775252
8775253
8775254
8775255
8775256
8775257
8775258
8775259
8775260
8775261
8775262
8775263
8775264
8775265
8775266
8775267
8775268
8775269
8775273
8775274
8775275
8775276
8775277
8775278
8775279
8775280
8775281
8775282
8775283
8775284
8775285
8775286
8775287
8775288
8775289
8775290
8775291
8775292
8775293
8775294
8775295
8775296
8775297
8775298
8775299
8775300
8775301
8775302
8775303
8775304
8775305
8775306
8775307
8775308
8775309
8775310
8775311
8775312
8775313
8775314
8775315
8775316
8775317
8775318
8775319
8775320
8775321
8775322
8775323
8775324
8775325
8775326
8775327
8775328
8775329
8775330
8775331
8781089
8781099
8781845
8781846
8781847
8781848
8781849
8781850
8781851
8781852
8781853
8781854
8781855
8781856
8781857
8781858
8781859
8781860
8781861
8781862
8781863
8781864
8781865
8781866
8781867
8781868
8781869
8781870
8781871
8781872
8781873
8781874
8781875
8781876
8781877
8781878
8781879
8781880
8781881
8781882
8781883
8781884
8781885
8781886
8781887
8781888
8781889
8781890
8781891
8781892
8781893
8781894
8781895
8781896
8781897
8781898
8781899
8781900
8781902
8781903
8781904
8781905
8781906
8781907
8781908
8781909
8781910
8781911
8781912
8781913
8781914
8781915
8781916
8781917
8781918
8781919
8781920
8781921
8781922
8781923
8781924
8781925
8781926
8781927
8781928
8781929
8781930
8781931
8781932
8781933
8781934
8781935
8781936
8781937
8781938
8781939
8781940
8781941
8781942
8781943
8781944
8781945
8781946
8781947
8781948
8781949
8781950
8781951
8781952
8781953
8781954
8781955
8781956
8781957
8781958
8781959
8781960
8781961
8781962
8781963
8781964
8781965
8781966
8781967
8781968
8781969
8781970
8781971
8781972
8781973
8781974
8781975
8781976
8781977
8781998
8782142
8782696
8787652
8788278
8788279
8788280
8788281
8788282
8788283
8788284
8788285
8788286
8788287
8788288
8788289
8788290
8788291
8788292
8788293
8788294
8788295
8788296
8788297
8788298
8788299
8788300
8788301
8788302
8788303
8788304
8788305
8788306
8788307
8788308
8788309
8788310
8788311
8788312
8788313
8788314
8788315
8788316
8788317
8788318
8788319
8788320
8788321
8788322
8788323
8788324
8788325
8788326
8788327
8788328
8788329
8788330
8788331
8788332
8788333
8788334
8788335
8788336
8788337
8788338
8788339
8788340
8788341
8788342
8788343
8788344
8788345
8788346
8788347
8788348
8788349
8788350
8788351
8788352
8788353
8788354
8788355
8788356
8788357
8788358
8788359
8788360
8788361
8788362
8788363
8788364
8788365
8788366
8788367
8788368
8788369
8788370
8788371
8788372
8788373
8788374
8788375
8788376
8788377
8788378
8788379
8788380
8788381
8788382
8788383
8788384
8788385
8788386
8788387
8788388
8788389
8788390
8788391
8788392
8788393
8788394
8788395
8788396
8788397
8788398
8788399
8788400
8788401
8788402
8788403
8788404
8788405
8788406
8788407
8788408
8788409
8788410
8788411
8788412
8788413
8788414
8788415
8788416
8788417
8788418
8788419
8788420
8788421
8788422
8788423
8788425
8788426
8788427
8788428
8788429
8788430
8788431
8788432
8788433
8788661
8788690
8789700
8793141
8793142
8793143
8793144
8793145
8793146
8793147
8793148
8793149
8793150
8793151
8793152
8793153
8793155
8793156
8793157
8793158
8793159
8793160
8793161
8793162
8793163
8793164
8793165
8793166
8793167
8793168
8793169
8793170
8793171
8793172
8793173
8793174
8793175
8793176
8793177
8793178
8793179
8793180
8793181
8793182
8793183
8793184
8793185
8793186
8793187
8793188
8793189
8793190
8793191
8793192
8793193
8793194
8793195
8793196
8793197
8793758
8798987
8799003
8799004
8799006
8799007
8799008
8799009
8799010
8799011
8799012
8799013
8799015
8799016
8799017
8799018
8799019
8799020
8799021
8799022
8799023
8799024
8799025
8799026
8799027
8799028
8799029
8799030
8799031
8799032
8799033
8799034
8799035
8799036
8799037
8799038
8799039
8799040
8799041
8799042
8799043
8799044
8799045
8799046
8799047
8799048
8799049
8799050
8799051
8799052
8799053
8799054
8799055
8799056
8799057
8799058
8799059
8799060
8799061
8799062
8799063
8799064
8799065
8799066
8799067
8799068
8799069
8799070
8799071
8799072
8799073
8799074
8799075
8799076
8799077
8799078
8799079
8799080
8799081
8799082
8799083
8799084
8799085
8799086
8799087
8799088
8799089
8799090
8799091
8799092
8799093
8799094
8799095
8799096
8799097
8799098
8799099
8799100
8799101
8799102
8799103
8799104
8799105
8799106
8799107
8799108
8799109
8799110
8799111
8799112
8799113
8799114
8799115
8799116
8799117
8799118
8799119
8799120
8799121
8799122
8799123
8799124
8799125
8799126
8799127
8799128
8799129
8799130
8799131
8799132
8799133
8799134
8799135
8799136
8799137
8799138
8799139
8799140
8799141
8799142
8799143
8799144
8799145
8799146
8799147
8799148
8799149
8799150
8799151
8799152
8799153
8799154
8799155
8799156
8799157
8799158
8799159
8799160
8799161
8799162
8799164
8799165
8799166
8799167
8799168
8799169
8799171
8799173
8799174
8799175
8799176
8799177
8799178
8799179
8799180
8799181
8799182
8799184
8799185
8799321
8799517
8805698
8805699
8805700
8805701
8805702
8805703
8805704
8805705
8805706
8805707
8805708
8805709
8805710
8805711
8805713
8805714
8805715
8805717
8805718
8805719
8805720
8805721
8805722
8805723
8805724
8805726
8805727
8805728
8805729
8805730
8805731
8805732
8805733
8805734
8805735
8805736
8805737
8805738
8805739
8805740
8805741
8805742
8805743
8805744
8805745
8805746
8805747
8805748
8805749
8806824
8811692
8812328
8812329
8812330
8812331
8812332